% # columns="iteration, evaluation, min max(neg(.)) min(pos(.)) max correlation, correlation matrix principal axes lengths  (sorted square roots of eigenvalues of correlation matrix)", seed=886474, Wed Sep 27 01:44:06 2023
1 7 -0.31525206547066986 -0.23141347526903278 0.05173311254785922 0.06227671828518615 0.8211490704356029 1.003801980510555 1.148083528340091
2 14 -0.37080126879436026 -0.28181905444119726 0.060460752430696665 0.08557180703483167 0.8211490704356029 1.003801980510555 1.148083528340091
3 21 -0.5742926848532547 -0.441016314774384 0.14448929671117194 0.2063814637941533 0.8211490704356029 1.003801980510555 1.148083528340091
4 28 -0.5599049136098737 -0.47455743444493115 0.27792413116654363 0.44340384053875936 0.6177549079398307 0.888009037155704 1.3527079594820348
5 35 -0.5004598348453977 -0.4440530616601191 0.21042611507889947 0.3721790674732937 0.6177549079398307 0.888009037155704 1.3527079594820348
6 42 -0.46171565576089624 -0.4196033282015721 0.1491354173063017 0.29660267158293546 0.6177549079398307 0.888009037155704 1.3527079594820348
7 49 -0.3590303239511445 -0.32082022181064906 0.10914212361675299 0.21425280328539162 0.800519832333569 0.9123332572998925 1.2356439720506889
8 56 -0.3239977732208676 -0.2738834662956079 0.007681548306244665 0.05142224624826915 0.800519832333569 0.9123332572998925 1.2356439720506889
9 63 -0.16192223508949877 -0.12924986315386128 0.006696008612655795 0.019338927265857314 0.800519832333569 0.9123332572998925 1.2356439720506889
10 70 -0.1859278895962151 -0.16801410677979678 -0.10529761272412212 -0.1023058975219822 0.8531391485669076 1.0419434187459606 1.089269252900545
11 77 -0.2637382574127539 -0.256789812064211 -0.20042408800525624 -0.18858395866748098 0.8531391485669076 1.0419434187459606 1.089269252900545
12 84 -0.3263493917311392 -0.2754642494360415 -0.10723100954411253 -0.10203840520856725 0.8531391485669076 1.0419434187459606 1.089269252900545
13 91 -0.4960994755152039 -0.4029297485899665 -0.03286294884465749 -0.0026770758547919027 0.6986741459811106 1.0006269797345628 1.2290647196811293
14 98 -0.545045167140372 -0.45244572899604796 -0.04203108546505211 0.002174357567622445 0.6986741459811106 1.0006269797345628 1.2290647196811293
15 105 -0.5371536731100175 -0.45152681764262587 -0.06919634466595936 -0.027379709141128854 0.6986741459811106 1.0006269797345628 1.2290647196811293
16 112 -0.556835935022056 -0.4825745245374856 0.007671036446411081 0.096824812956473 0.6464754145055538 0.9625893221098146 1.2866589817819016
17 119 -0.566012791016949 -0.5064993239400697 0.1287172870664193 0.2809426903250363 0.6464754145055538 0.9625893221098146 1.2866589817819016
18 126 -0.6508387764348935 -0.6082682944277374 0.15020516081613117 0.3604591638902646 0.6464754145055538 0.9625893221098146 1.2866589817819016
19 133 -0.6729809252531992 -0.6385149023476723 0.14172782006623638 0.36734270463201235 0.5411699695859068 0.8043955052125473 1.4352989010001502
20 140 -0.8198525209946551 -0.7959942991589051 0.3042900657596823 0.6471932988967947 0.5411699695859068 0.8043955052125473 1.4352989010001502
21 147 -0.8446671619393962 -0.8208790934886894 0.3080583793987515 0.6605828019105252 0.5411699695859068 0.8043955052125473 1.4352989010001502
22 154 -0.8486349691398438 -0.8327766233893299 0.2998769350963428 0.6615697755077196 0.35085540510749313 0.586569565470496 1.5914888091251567
23 161 -0.885553766264372 -0.864616283599527 0.3521697406541428 0.7368275994071878 0.35085540510749313 0.586569565470496 1.5914888091251567
24 168 -0.8968413911388465 -0.8715124837899906 0.3690204842885074 0.7572025662991507 0.35085540510749313 0.586569565470496 1.5914888091251567
25 175 -0.9169715048366365 -0.8810447784560039 0.39402798468983813 0.783125512691153 0.28781795503405083 0.5161889472841629 1.6281000569564772
26 182 -0.8890479045391062 -0.8797429349712359 0.4135057407546643 0.8352836630954275 0.28781795503405083 0.5161889472841629 1.6281000569564772
27 189 -0.9004467784467273 -0.8908852031386736 0.4082220629317218 0.8316962429804666 0.28781795503405083 0.5161889472841629 1.6281000569564772
28 196 -0.9126819309933609 -0.907249000167943 0.43457706268809276 0.87641948614802 0.29248733444562125 0.3573051985360588 1.6693663930629496
29 203 -0.9168735147717253 -0.9144599984386192 0.45243065100435276 0.9056473511522375 0.29248733444562125 0.3573051985360588 1.6693663930629496
30 210 -0.9351335249933949 -0.9338527510547463 0.45235191747841635 0.9131393663841555 0.29248733444562125 0.3573051985360588 1.6693663930629496
31 217 -0.9515501006734338 -0.9480282563385869 0.4468883297933704 0.9083386808358425 0.20497155301317507 0.30491064970589327 1.692635861061468
32 224 -0.9500734593155395 -0.9500173170327207 0.43516349684328826 0.8968342925191392 0.20497155301317507 0.30491064970589327 1.692635861061468
33 231 -0.9584627692828013 -0.958233912080303 0.4434573929003697 0.9104589706914289 0.20497155301317507 0.30491064970589327 1.692635861061468
34 238 -0.9659242975946922 -0.9642905768434289 0.4497500765819938 0.9194632403058712 0.1501929975215521 0.2842133790193456 1.7019591119301007
35 245 -0.9726802405141763 -0.9717949752030562 0.4604539194233592 0.9369849523210442 0.1501929975215521 0.2842133790193456 1.7019591119301007
36 252 -0.9744045195220549 -0.9720040185702166 0.4677435506435521 0.9452589060963035 0.1501929975215521 0.2842133790193456 1.7019591119301007
37 259 -0.9754653980037769 -0.9722207901878551 0.476002933366768 0.9554995667357207 0.15430831197379144 0.21724937802722993 1.7114297100969649
38 266 -0.9763759310867077 -0.9756673522661677 0.4816585441799708 0.9667252641748103 0.15430831197379144 0.21724937802722993 1.7114297100969649
39 273 -0.9756454686594755 -0.974809473295765 0.4850156559489808 0.9707880370001856 0.15430831197379144 0.21724937802722993 1.7114297100969649
40 280 -0.9714691668408133 -0.9698912998992121 0.4815308964868408 0.9637604283405904 0.16870527064654317 0.19478993634110295 1.7127741860374666
41 287 -0.9739609880528641 -0.9724001338690308 0.4846162426323327 0.968727513948954 0.16870527064654317 0.19478993634110295 1.7127741860374666
42 294 -0.9778688471925965 -0.9766783760491211 0.4870236212675637 0.9737338158963166 0.16870527064654317 0.19478993634110295 1.7127741860374666
43 301 -0.9816429609273565 -0.9810444891993358 0.48541194905698337 0.9736322900810691 0.13066751731962312 0.1630110811922528 1.7194049515242351
44 308 -0.9852596023654063 -0.9845273742773716 0.4903528040766487 0.9812473021066208 0.13066751731962312 0.1630110811922528 1.7194049515242351
45 315 -0.9926449789850852 -0.992335123723976 0.49287163306850257 0.9876306967382197 0.13066751731962312 0.1630110811922528 1.7194049515242351
46 322 -0.9950695428747045 -0.9940552261876696 0.4939770056667099 0.9889734329311348 0.06878296119788402 0.10907143036642207 1.72724414236282
47 329 -0.9962069544069624 -0.995679767112927 0.4948480324036755 0.9911634449485076 0.06878296119788402 0.10907143036642207 1.72724414236282
48 336 -0.9960144179617297 -0.9954168252183754 0.49521498366474603 0.9914946605490988 0.06878296119788402 0.10907143036642207 1.72724414236282
49 343 -0.9955185549881741 -0.9950036930079278 0.4948234478582189 0.9909176328333549 0.06355839094140922 0.09675887338887122 1.7281776677649368
50 350 -0.9957100056763778 -0.9952545246261868 0.49636595330038824 0.9931172982257223 0.06355839094140922 0.09675887338887122 1.7281776677649368
51 357 -0.9967482150209396 -0.9963008183816976 0.4967182523320621 0.9939438792640733 0.06355839094140922 0.09675887338887122 1.7281776677649368
52 364 -0.9973104974375433 -0.9970376947584808 0.4981502609182574 0.9962734434647744 0.05185377017440717 0.06410109531335699 1.7300873492683329
53 371 -0.9980548099084189 -0.9976927137530023 0.49851949101861237 0.9968947964537339 0.05185377017440717 0.06410109531335699 1.7300873492683329
54 378 -0.9978801101618577 -0.9977379287973246 0.49870724318512527 0.9973801191480755 0.05185377017440717 0.06410109531335699 1.7300873492683329
55 385 -0.9980669156948293 -0.9980217253014012 0.49870367075817496 0.9975669457179388 0.04321644225135591 0.04952084905214708 1.7308032888310243
56 392 -0.9979047078418728 -0.9978697282058578 0.4982360270488895 0.9969029658311237 0.04321644225135591 0.04952084905214708 1.7308032888310243
57 399 -0.998768180424557 -0.9986687359954773 0.4989162056201964 0.9980117417296748 0.04321644225135591 0.04952084905214708 1.7308032888310243
58 406 -0.9989635658104978 -0.9987029473035833 0.4986530253476791 0.9975110643911853 0.03167613847661088 0.05227506787406618 1.7309719638197414
59 413 -0.9991889722612854 -0.999114310051377 0.4992071772136084 0.9985730107586951 0.03167613847661088 0.05227506787406618 1.7309719638197414
60 420 -0.9993475847985944 -0.999327430035069 0.4994698552375661 0.999048795564919 0.03167613847661088 0.05227506787406618 1.7309719638197414
61 427 -0.9994741145444328 -0.999467635273579 0.4996523747013746 0.999352565422172 0.022385622328809845 0.02547478589847103 1.7317187760131199
62 434 -0.9997368759114125 -0.999730165354783 0.49983779232975317 0.999687067667969 0.022385622328809845 0.02547478589847103 1.7317187760131199
63 441 -0.999759014778502 -0.9997451991431615 0.4998521315040828 0.9997040927511571 0.022385622328809845 0.02547478589847103 1.7317187760131199
64 448 -0.9998461005825543 -0.9998382585831702 0.49992077439720894 0.9998326100579513 0.012275298809692988 0.013675580441787856 1.731953317944428
65 455 -0.9998200756477842 -0.9998022621641787 0.49989145968015186 0.9997715534779897 0.012275298809692988 0.013675580441787856 1.731953317944428
66 462 -0.99988059718814 -0.9998614408369912 0.4998959802248382 0.9997959642276326 0.012275298809692988 0.013675580441787856 1.731953317944428
67 469 -0.9999189447436055 -0.9999053487255886 0.49995671679786857 0.9998971426210039 0.008651412928690252 0.011749646679393254 1.7319893472124033
68 476 -0.9999313169757352 -0.9999212339075996 0.49996752894709584 0.9999203668305253 0.008651412928690252 0.011749646679393254 1.7319893472124033
69 483 -0.999958308769972 -0.9999489200415228 0.49998579783307795 0.9999546483961623 0.008651412928690252 0.011749646679393254 1.7319893472124033
70 490 -0.9999765176734866 -0.9999702113867321 0.49998752108800565 0.9999671256261639 0.00450557564694446 0.007052838758744832 1.7320305878515925
71 497 -0.9999804682969834 -0.9999765685171021 0.4999844613720583 0.9999675715552305 0.00450557564694446 0.007052838758744832 1.7320305878515925
72 504 -0.999988597493956 -0.9999861016743634 0.49998820852512865 0.9999771494387001 0.00450557564694446 0.007052838758744832 1.7320305878515925
