% # columns="iteration, evaluation, min max(neg(.)) min(pos(.)) max correlation, correlation matrix principal axes lengths  (sorted square roots of eigenvalues of correlation matrix)", seed=98485, Sat Sep 30 04:29:41 2023
1 7 -0.1680189767513987 -0.1303179646610404 0.06961179070889988 0.09855403040852162 0.9013217839848814 0.9924729659488298 1.0966387069472994
2 14 -0.32427436064121273 -0.2559036601332688 0.013357017237775666 0.03473987585351328 0.9013217839848814 0.9924729659488298 1.0966387069472994
3 21 -0.35848215222716273 -0.2853535642392223 -0.03845857959600255 -0.029288839369536364 0.9013217839848814 0.9924729659488298 1.0966387069472994
4 28 -0.3304265914475515 -0.27897081499209364 -0.10501768631662006 -0.09848908654692004 0.7786467731800195 1.0305934200586526 1.1539438483514495
5 35 -0.27396215372145255 -0.2665737823992187 -0.10095846209793026 -0.05314172665306799 0.7786467731800195 1.0305934200586526 1.1539438483514495
6 42 -0.35874460206894626 -0.31319060716503083 -0.08919597287360378 -0.060085089680376895 0.7786467731800195 1.0305934200586526 1.1539438483514495
7 49 -0.4074276436095622 -0.3376023494799374 -0.08779040698317514 -0.07434505361387916 0.7396901618858326 1.0206299191649812 1.187928041808339
8 56 -0.5112585739043385 -0.42893941585736883 -0.04748945426397811 -0.002658625113150874 0.7396901618858326 1.0206299191649812 1.187928041808339
9 63 -0.4551805356226329 -0.39232721956381933 -0.08287587320876588 -0.04257874048256166 0.7396901618858326 1.0206299191649812 1.187928041808339
10 70 -0.5234099695504747 -0.4351983792490652 -0.08519000815570132 -0.056732141425989584 0.6563041661355953 1.0164611647264268 1.2393835330986354
11 77 -0.5995403178539993 -0.5151713669936568 0.05211266997449901 0.15683839810354178 0.6563041661355953 1.0164611647264268 1.2393835330986354
12 84 -0.6135726461705988 -0.5443760414688416 0.09230059515260486 0.23532953599132977 0.6563041661355953 1.0164611647264268 1.2393835330986354
13 91 -0.6304748288290398 -0.5526721433803071 0.13511497400561834 0.2865746610188608 0.6069811776828722 0.885654619275347 1.359113588076785
14 98 -0.664029636822893 -0.6016077881639261 0.1416868274797603 0.3270298507020223 0.6069811776828722 0.885654619275347 1.359113588076785
15 105 -0.714232408892655 -0.673402426890229 0.24482104469039834 0.5100655532148479 0.6069811776828722 0.885654619275347 1.359113588076785
16 112 -0.6186677096580802 -0.5726817984751925 0.2676821666274929 0.5018175771455003 0.6108521864898023 0.7656469946533807 1.4285112130602522
17 119 -0.5699028624140601 -0.5693272924851464 0.2533621323104025 0.5270163706466717 0.6108521864898023 0.7656469946533807 1.4285112130602522
18 126 -0.6254791179438002 -0.5843412334494698 0.22900769993962505 0.458986126574993 0.6108521864898023 0.7656469946533807 1.4285112130602522
19 133 -0.6498349388521486 -0.6216807376595458 0.2416387760726059 0.5012577461240536 0.589452550320139 0.7242467587889968 1.458770826176859
20 140 -0.7510878060215327 -0.6738026745052315 0.10861386694754703 0.29213424924883863 0.589452550320139 0.7242467587889968 1.458770826176859
21 147 -0.8101419071223491 -0.7295122857925911 0.19910821179741858 0.42801875633099706 0.589452550320139 0.7242467587889968 1.458770826176859
22 154 -0.8350115073070921 -0.7482338227906796 0.186915343577375 0.41185404785031404 0.4001930286453713 0.8130409583923259 1.476079245772439
23 161 -0.885482599509217 -0.7753967631461247 0.17414788439544387 0.3805769305462078 0.4001930286453713 0.8130409583923259 1.476079245772439
24 168 -0.8935736422925523 -0.799664995601324 0.22861500298805432 0.4774663558266187 0.4001930286453713 0.8130409583923259 1.476079245772439
25 175 -0.9176369818023166 -0.8397454988731496 0.22359688389032964 0.5001528618823224 0.27007669095057085 0.7488531423806292 1.538270961876303
26 182 -0.9455588055745957 -0.8629773767366697 0.25691545065976085 0.5476316309539784 0.27007669095057085 0.7488531423806292 1.538270961876303
27 189 -0.9392047148822775 -0.842939246684099 0.23820737166627376 0.5023241095848862 0.27007669095057085 0.7488531423806292 1.538270961876303
28 196 -0.9473156471872266 -0.852647671522282 0.240224060022765 0.5098466615395028 0.22360254743738395 0.7605498586927126 1.5399889003567553
29 203 -0.9565425304778509 -0.8706238962801985 0.27193215017512073 0.5668655314625748 0.22360254743738395 0.7605498586927126 1.5399889003567553
30 210 -0.9647514042785509 -0.8571482153277615 0.2135506269412619 0.46284705208014704 0.22360254743738395 0.7605498586927126 1.5399889003567553
31 217 -0.9777095124752111 -0.8715541648406369 0.2396218872648497 0.503858556998771 0.14333374381934813 0.7729356452047249 1.5433813288538527
32 224 -0.9690883910010903 -0.839723693943284 0.186179272207586 0.39878223053340317 0.14333374381934813 0.7729356452047249 1.5433813288538527
33 231 -0.9697796422266038 -0.8481792111663815 0.20669091959403063 0.4367138654539457 0.14333374381934813 0.7729356452047249 1.5433813288538527
34 238 -0.9734379495639908 -0.851339436926599 0.20621739325092503 0.4366378240060411 0.15815933486879982 0.8214305500663339 1.5166533803778566
35 245 -0.9797883970540093 -0.8410408253889503 0.18638567666613814 0.3901136056861086 0.15815933486879982 0.8214305500663339 1.5166533803778566
36 252 -0.9854176242431443 -0.8248683003197217 0.14971705249034148 0.31402951283694 0.15815933486879982 0.8214305500663339 1.5166533803778566
37 259 -0.9896588914971495 -0.8457489262754172 0.19867926904146707 0.4029120355920295 0.10132122853338928 0.8569006501789128 1.5018173272310589
38 266 -0.9951207092709717 -0.8860825855512694 0.27267975240186637 0.5498957413332093 0.10132122853338928 0.8569006501789128 1.5018173272310589
39 273 -0.9964412982249801 -0.8845515989241332 0.2695862919576958 0.542409222950792 0.10132122853338928 0.8569006501789128 1.5018173272310589
40 280 -0.9958051510276804 -0.8697224522187242 0.23676677939004437 0.47951382445067775 0.06403621438372555 0.806142352165493 1.5316768168554642
41 287 -0.9965137555194417 -0.8422636312801496 0.19508876481788937 0.38662277261127703 0.06403621438372555 0.806142352165493 1.5316768168554642
42 294 -0.9970925620978254 -0.8528569639925646 0.20418052326842073 0.4122907542501551 0.06403621438372555 0.806142352165493 1.5316768168554642
43 301 -0.9975562306740093 -0.8720864084086637 0.24380665855966244 0.4903011919504254 0.04924027134472978 0.8009734984560296 1.5349321973458652
44 308 -0.998105197819449 -0.8761388832633328 0.25421685156796187 0.5090357819556105 0.04924027134472978 0.8009734984560296 1.5349321973458652
45 315 -0.9989101187008781 -0.9049866684224375 0.31567517865618605 0.6286390107372867 0.04924027134472978 0.8009734984560296 1.5349321973458652
46 322 -0.999084105577216 -0.8876102024826351 0.2805746729298113 0.5584957283060459 0.029924567071245245 0.7537798728961955 1.559140924837198
47 329 -0.9991882136041476 -0.8897627843871845 0.2825846168972588 0.56394165477511 0.029924567071245245 0.7537798728961955 1.559140924837198
48 336 -0.9995437457327532 -0.9107358885304403 0.3207183440964346 0.6423952311030799 0.029924567071245245 0.7537798728961955 1.559140924837198
49 343 -0.9996606730956007 -0.9402496108316668 0.38025925200461463 0.7610178106861079 0.018388541923265857 0.5590580554724661 1.6392424933905543
50 350 -0.9997944995153255 -0.9589033075608459 0.41636697245837406 0.8338992071769677 0.018388541923265857 0.5590580554724661 1.6392424933905543
51 357 -0.9998298312257493 -0.9501117680411626 0.39849242462553036 0.7983090923298413 0.018388541923265857 0.5590580554724661 1.6392424933905543
52 364 -0.9998620332507843 -0.9302034370201253 0.35873814450431846 0.7187267421151409 0.011466079732228978 0.6046688856937743 1.6230354486854017
53 371 -0.9999107743924153 -0.9573019346226296 0.413717413776708 0.8281150234733683 0.011466079732228978 0.6046688856937743 1.6230354486854017
54 378 -0.9999196917888952 -0.9692875700864246 0.4374027133721752 0.8756673528225712 0.011466079732228978 0.6046688856937743 1.6230354486854017
55 385 -0.9999446490396804 -0.9781061689359132 0.45571358455892924 0.911815022286776 0.007318323104630719 0.3412150879389908 1.6980926670561067
56 392 -0.9999578595047639 -0.9791855797655771 0.4581976873198109 0.9165531632757534 0.007318323104630719 0.3412150879389908 1.6980926670561067
57 399 -0.9999594684867377 -0.9770546755555285 0.4537916221910367 0.9078355951753493 0.007318323104630719 0.3412150879389908 1.6980926670561067
58 406 -0.999964705853046 -0.9857803050638813 0.47149496914903466 0.9430689930975086 0.005931351769874815 0.2748438157259941 1.7100952301036796
59 413 -0.9999497844662176 -0.9706767889349889 0.4411667043110896 0.8825082065285538 0.005931351769874815 0.2748438157259941 1.7100952301036796
60 420 -0.999963238287471 -0.9736633040848202 0.4469006642278229 0.8941220527960528 0.005931351769874815 0.2748438157259941 1.7100952301036796
61 427 -0.9999395019873746 -0.9637565893215359 0.4265406255683523 0.8537901178658096 0.007534729569549745 0.4383906793727299 1.675636249336183
62 434 -0.9999245346168703 -0.9707221137359201 0.4407106145190004 0.8819857697230238 0.007534729569549745 0.4383906793727299 1.675636249336183
63 441 -0.999920010221247 -0.9687607444087438 0.4368417837616298 0.874216694005918 0.007534729569549745 0.4383906793727299 1.675636249336183
64 448 -0.999922115483134 -0.9680323346836551 0.43623992519491017 0.8724408976882864 0.0088245004314894 0.4107880535817536 1.6826096704900544
65 455 -0.9999041703838869 -0.969096099505103 0.4377915004083677 0.875945962834074 0.0088245004314894 0.4107880535817536 1.6826096704900544
66 462 -0.9998914726735687 -0.9740280432625801 0.44768076792684436 0.895720275578997 0.0088245004314894 0.4107880535817536 1.6826096704900544
67 469 -0.9998984080009142 -0.9596249528098301 0.4183436785419904 0.8373931004681797 0.009911746818427273 0.4621410709139992 1.6692295791320826
68 476 -0.9998522823104327 -0.9389096396289833 0.37700024183934044 0.7546942263139991 0.009911746818427273 0.4621410709139992 1.6692295791320826
69 483 -0.9998455978836495 -0.9616666509264538 0.42380444247486226 0.8474491933181052 0.009911746818427273 0.4621410709139992 1.6692295791320826
70 490 -0.9997942775271683 -0.9636667850731622 0.42794343604560187 0.8556860172978504 0.014332521457876075 0.4368630805410833 1.6759908196910906
71 497 -0.9995473202100243 -0.9316272416137391 0.3669389610252368 0.7318742833086103 0.014332521457876075 0.4368630805410833 1.6759908196910906
72 504 -0.9993706648935893 -0.9352839058195346 0.37645364018144023 0.7496127297743772 0.014332521457876075 0.4368630805410833 1.6759908196910906
