List of examined events:

Before Mid-April 2022:

2021-12-04:
box_list = [[[15,35],[30,38]],[[20,45],[25,30]],[[26,80],[20,25]],[[30,120],[15,20]],[[40,155],[10,15]],[[50,170],[3,10]]]
period = [dt.datetime(2021,12,4,13,30),dt.datetime(2021,12,4,16,30)]

After Mid-April 2022:

2022-11-19:
box_list=[[[25,50],[28,35]],[[30,60],[23,28]],[[35,70],[18,23]],[[40,110],[12,18]],[[60,165],[2,12]]]
period = [dt.datetime(2022,11,19,13,30),dt.datetime(2022,11,19,17,30)]

2022-12-01:
box_list=[[[58,67],[35,40]],[[60,70],[32,35]],[[65,75],[28,32]],[[70,82],[23,28]],[[74,90],[18,23]],[[74,100],[14,18]],[[77,132],[2,14]]]
period = [dt.datetime(2022,12,1,6,30),dt.datetime(2022,12,1,9,30)]

2022-12-12:
box_list=[[[25,50],[23,30]],[[30,70],[17,23]],[[40,80],[12,17]],[[50,85],[8,12]],[[60,90],[2,8]]]
period = [dt.datetime(2022,12,12,7,30),dt.datetime(2022,12,12,10)

2022-12-24:
box_list=[[[20,35],[35,40]],[[25,40],[30,35]],[[28,50],[23,30]],[[33,58],[17,23]],[[40,64],[12,17]],[[45,75],[8,12]],[[50,80],[2,8]]]
period = [dt.datetime(2022,12,24,4),dt.datetime(2022,12,24,6)]
