% # columns="iteration, evaluation, sigma, axis ratio, bestever, best, median, worst objective function value, further objective values of best", seed=321746, Wed Sep 20 16:34:36 2023, <python>{}</python>
1 7 0.6574697175400439 1.0000333338888951 0.07146341805323726 7.1463418053237263e-02 0.6071627467577163 0.9943293161279249   
2 14 0.8717685020512392 1.2205430661297134 0.005604199607101989 5.6041996071019892e-03 0.23630070251626675 0.5316408230428575   
3 21 1.2400789054813794 1.2926896491867694 0.005604199607101989 2.6913694426687940e-02 0.105198284656275 0.751067581066187   
4 28 1.1507058286171914 1.6138556639988082 0.005604199607101989 8.8403324174039538e-02 0.14073033921593872 0.38248043463582954   
5 35 1.148321528032051 1.7771616467573457 0.005604199607101989 1.3094371083474953e-02 0.30143085124856683 1.0615622316593756   
6 42 1.060763448747364 1.9107238241422897 0.005604199607101989 2.8200149266733376e-02 0.1876246484266885 0.2313579975245164   
7 49 1.1585356182107749 1.9133267129829592 0.005604199607101989 2.9079974200748045e-02 0.22032768316012732 0.38357195142705897   
8 56 0.9784672903204717 2.3739628787068403 0.005604199607101989 2.2360956280090782e-02 0.07160093782898631 0.2242677665482983   
9 63 1.0112382156935438 2.4036273756881776 0.005604199607101989 1.5641331044147992e-02 0.1999029934059227 0.3518254743338603   
10 70 1.016278315121804 2.9355764375011897 0.005604199607101989 8.4303668936129963e-02 0.1370581362358271 0.20245887457609288   
11 77 1.0163838716471927 3.660000959396919 0.005604199607101989 2.9878326131877308e-02 0.0969627973365336 0.17595450435170132   
12 84 1.026173891742491 4.92708439613434 0.005604199607101989 1.7055714507872230e-02 0.061634445038764106 0.11335704357116518   
13 91 0.9710183979329132 6.282928243114685 0.0022499113597650813 2.2499113597650813e-03 0.028380139781692945 0.0780848439110588   
14 98 0.8988331197420371 6.579807285243381 0.0022499113597650813 4.1953291609699407e-03 0.0633882685571006 0.19611608905538927   
15 105 0.7778683564554661 7.446224626750496 0.0022499113597650813 2.7738787883859632e-02 0.06481491579384104 0.24092064423722062   
16 112 0.6260245903256066 8.720706182583784 0.0022499113597650813 1.4785418351572707e-02 0.034811344775193 0.05724839754781783   
17 119 0.5640714826041846 8.377522198824893 0.0022499113597650813 2.5550032243973082e-03 0.03148272689769893 0.10685326989780884   
18 126 0.5155946909741652 10.892043353822137 0.0007071278967717494 7.0712789677174941e-04 0.014959208549259806 0.033663726692271766   
19 133 0.4315367346754228 13.85551710868538 0.0007071278967717494 7.4405963197019531e-03 0.023526195001436417 0.034632189655923656   
20 140 0.44958506886430005 14.335655340111634 0.0007071278967717494 7.5402478913613182e-04 0.013903466359241771 0.02115770517697134   
21 147 0.4553393345788441 11.70699458439963 0.0007071278967717494 3.5702370800394807e-03 0.01144973599542644 0.0190896136085365   
22 154 0.4615763239267198 13.762689085090694 0.0007071278967717494 5.3231396176358931e-03 0.012825184625156005 0.037233648181187996   
23 161 0.45465938464920397 18.19117928417928 0.0006368056056652805 6.3680560566528046e-04 0.009345310384161643 0.022770690713665866   
24 168 0.3940214897839 21.29194772025325 0.0006368056056652805 4.0722589400871813e-03 0.005684454581742671 0.02240062264348997   
25 175 0.31531070968642844 22.917677471695885 0.00023493536438815946 2.3493536438815946e-04 0.0076578106112266415 0.01480122224121126   
26 182 0.32097839087138264 28.69976619167849 0.00023493536438815946 6.5154126240845049e-04 0.004436632851877143 0.00886782746362318   
27 189 0.26699670628876887 38.13457391179569 0.00023493536438815946 1.4901712465605972e-03 0.004817393835423841 0.010615662013271058   
28 196 0.2538381039726241 50.48785206229303 0.0001700374289320905 1.7003742893209050e-04 0.0019845863003110273 0.007232801141427399   
29 203 0.19273376320824115 60.732222380226034 0.0001700374289320905 1.4547903710780000e-03 0.0027015170314458694 0.004742890339320619   
30 210 0.16325936371910105 68.87822266810339 0.000113501629336632 1.1350162933663200e-04 0.00029290897824244173 0.0022496397174275986   
31 217 0.1813350748739326 79.87057422008911 0.000113501629336632 1.9196554097386336e-04 0.000500055777999305 0.0014089460511351366   
32 224 0.20882962514309522 107.3163853782868 0.000113501629336632 1.2439865130247084e-04 0.001036345701507043 0.0020238411278034126   
33 231 0.2117323179842651 154.32471996496716 0.000113501629336632 1.6506975639849487e-04 0.0006317985646729696 0.0027276075813537303   
34 238 0.19033511583373125 177.55924177996863 3.363181765430786e-05 3.3631817654307858e-05 0.0004725782839734904 0.001151955815955811   
35 245 0.15300085606355174 194.854100471903 2.827740028716145e-05 2.8277400287161450e-05 0.00021610902129971522 0.000617058382558433   
36 252 0.14863726237828473 196.62219874759268 3.882043970371285e-06 3.8820439703712854e-06 0.00011409913912595234 0.001260009795427249   
37 259 0.1405852831877837 274.3682974889999 3.882043970371285e-06 1.7003116079076601e-05 0.00021202674922277492 0.0007148122258028522   
38 266 0.1739057361554058 371.8148035919671 3.882043970371285e-06 8.5094014954970976e-06 0.00020139357058770457 0.00046492590062315503   
39 273 0.2077484882185874 463.21499534513833 3.882043970371285e-06 1.2573303612602634e-05 0.0002046235450919198 0.0004341197139012228   
40 280 0.32943836804079835 481.2748860276776 3.882043970371285e-06 1.3020590538713369e-04 0.00034423561277859466 0.0005595822142026918   
41 287 0.40587344348978843 449.0708716247317 3.882043970371285e-06 4.1864160062251204e-05 0.0014034243550006783 0.002433157363047478   
42 294 0.37507294847383554 464.8909121821187 3.882043970371285e-06 5.1609144372595967e-06 0.000377694391439635 0.0015662935412535718   
43 301 0.5384505285846992 617.713183367814 3.882043970371285e-06 4.7443892680417338e-05 0.0004078280921862169 0.0024333372048830054   
44 308 0.4201258743473305 752.6075704670361 3.882043970371285e-06 9.7093333607745080e-05 0.0007854812372308118 0.001060124613540244   
45 315 0.3955049552309241 815.4653160341919 3.882043970371285e-06 7.7087843005211687e-05 0.00021652391079746519 0.0006330573733965987   
46 322 0.34652270643141175 907.6362817738358 3.882043970371285e-06 3.0349664740884445e-05 0.0002977179043070303 0.0009129488783003126   
47 329 0.33448786525190255 1086.0865233536076 3.882043970371285e-06 1.0100370394212632e-04 0.0001761496973096873 0.0008763783317616477   
48 336 0.28652908519970105 1181.8041504978883 3.882043970371285e-06 1.6098806577365584e-05 0.00022895375667708606 0.0004728418345803102   
49 343 0.2588216702283171 1089.4856005146678 3.882043970371285e-06 1.7866091841807947e-05 9.75170876461225e-05 0.00048676395783733286   
50 350 0.199922333363751 1232.727914380715 3.882043970371285e-06 6.7155889745684766e-05 0.00012838334096431462 0.0009689086322010709   
51 357 0.19645825195949151 1229.7232327847873 3.882043970371285e-06 2.3447719192522716e-05 8.300439031382704e-05 0.0003953451340236095   
52 364 0.1826960847007327 1231.524165455478 3.882043970371285e-06 4.2748584464173217e-05 9.812452323470685e-05 0.0001820398215141239   
53 371 0.1706977293334834 1182.486227282805 8.648386957688103e-07 8.6483869576881034e-07 8.436221046324022e-05 0.00014440661384741796   
54 378 0.1540586073379462 1380.831423134729 8.648386957688103e-07 1.0345606888565821e-05 5.6867665518467446e-05 0.00015039604968638542   
55 385 0.17473153643847178 1564.1656928202876 8.648386957688103e-07 1.6619531861413368e-05 9.395467773085642e-05 0.00020003521205822495   
56 392 0.1598967695360362 1893.7586515298824 8.648386957688103e-07 6.9469859323471420e-06 5.2443246771953037e-05 0.00032449758080250747   
57 399 0.18278738334717043 2039.5658027060579 8.648386957688103e-07 6.6482657250806676e-06 5.29719455151086e-05 0.00013686386825687198   
58 406 0.23146030915800977 3006.132976341198 8.648386957688103e-07 1.5975082221804844e-06 4.0235950449899845e-05 0.0003262089283784538   
59 413 0.24661454660219537 2923.046056248886 8.648386957688103e-07 2.2908097550219016e-05 6.639670575889767e-05 0.00024500406516156186   
60 420 0.20674523150180846 3417.948340889055 8.648386957688103e-07 1.8498576517345099e-05 0.0001278599297576714 0.00023405892527274356   
61 427 0.20344262201633614 3596.4048127196675 8.648386957688103e-07 3.9649459821985053e-05 9.411220189049866e-05 0.00018161117000333368   
62 434 0.18841162129644742 3970.9010308996294 8.648386957688103e-07 6.6922793273841798e-06 5.5370268681720346e-05 9.018582924422703e-05   
63 441 0.19368033031504261 3986.66279568017 8.648386957688103e-07 1.3059397619604358e-06 1.9950877105282908e-05 0.0004729885337906599   
64 448 0.21463098092832567 4341.746682484706 8.648386957688103e-07 6.7362518773705913e-06 7.013974392435784e-05 0.0001973325039565784   
65 455 0.18073860653988333 4107.064667098292 8.648386957688103e-07 3.2182787201999003e-06 5.6513008171658424e-05 0.0001305715066251878   
66 462 0.2025979653442112 5013.384867829329 2.0589314389714748e-07 2.0589314389714748e-07 1.6680217458997505e-05 3.3629214475835074e-05   
67 469 0.17062429481536662 5097.655582776574 2.0589314389714748e-07 7.3690518801091303e-06 3.798544555249824e-05 0.00024099238376879367   
68 476 0.17082602522246113 4588.297573298621 2.0589314389714748e-07 4.6237176185570663e-07 6.53898262185019e-05 0.00017956644443396877   
69 483 0.14462232061222935 4437.054744801325 2.0589314389714748e-07 3.6831133336079345e-06 5.363135762651202e-05 9.822045713949734e-05   
70 490 0.11968685917511789 3995.6212333802146 2.0589314389714748e-07 8.9217623876554814e-06 2.8406288204034052e-05 6.603934031303992e-05   
71 497 0.12658210846091117 3544.620355020658 2.0589314389714748e-07 7.8983743172500449e-07 9.56348438236887e-06 3.0180309687584857e-05   
72 504 0.10946993118667052 4105.218483208463 2.0589314389714748e-07 6.2607663056842471e-06 1.2888143316895177e-05 2.9516423741426933e-05   
