% # columns="iteration, evaluation, sigma, void, void,  stds==sigma*sigma_vec.scaling*sqrt(diag(C))", seed=321746, Wed Sep 20 16:34:36 2023, <python>{}</python>
1 7 0.6574697175400439 0 0 0.6591874855483618 0.7417792574641995 0.6191896672004292
2 14 0.8717685020512392 0 0 0.9741538517614731 0.8536724497781324 0.8326059381962659
3 21 1.2400789054813794 0 0 1.602660218121026 1.0228258075530159 1.2782540480841018
4 28 1.1507058286171914 0 0 1.4711863597682382 0.8576842817608071 1.175055209947716
5 35 1.148321528032051 0 0 1.4332644895213134 0.776775902632238 1.2124904660454172
6 42 1.060763448747364 0 0 1.235364528071388 0.6507845753749391 1.0495623364373061
7 49 1.1585356182107749 0 0 1.3178096293279788 0.616179931552221 1.359447031055354
8 56 0.9784672903204717 0 0 0.973002771917703 0.5170770303879423 1.1235218639228133
9 63 1.0112382156935438 0 0 1.1211276267916794 0.46146546787459886 1.1305907290187436
10 70 1.016278315121804 0 0 1.2539622182855654 0.42958981399002927 1.085427434351418
11 77 1.0163838716471927 0 0 1.3639253758954486 0.4277090887714465 1.1472684903722958
12 84 1.026173891742491 0 0 1.651760726424292 0.4694737971933206 1.0414585394876024
13 91 0.9710183979329132 0 0 1.5288432439887758 0.43016001962240735 0.9739807845076298
14 98 0.8988331197420371 0 0 1.472865010404648 0.39199032162262704 0.8618441789307456
15 105 0.7778683564554661 0 0 1.2670518110302886 0.3484398371166934 0.6962779231009801
16 112 0.6260245903256066 0 0 0.9444401893318323 0.2553696789433789 0.4974716618840591
17 119 0.5640714826041846 0 0 0.8795952556778229 0.23782158205536677 0.4535114019505163
18 126 0.5155946909741652 0 0 0.8462060082798167 0.22364469458256667 0.39697836747947507
19 133 0.4315367346754228 0 0 0.6661498950290037 0.16734292151680322 0.31014097412304487
20 140 0.44958506886430005 0 0 0.6218473744481771 0.15823598414884824 0.2999814906413747
21 147 0.4553393345788441 0 0 0.6860212822574164 0.1648087077261916 0.2663779206465418
22 154 0.4615763239267198 0 0 0.7277544728618124 0.162438971618707 0.3112264041696451
23 161 0.45465938464920397 0 0 0.7243520784168507 0.16378920697160548 0.3119361607654336
24 168 0.3940214897839 0 0 0.5929133945845513 0.14127211921352903 0.2527007645170105
25 175 0.31531070968642844 0 0 0.4862064871192592 0.11351704026520759 0.19321968141747398
26 182 0.32097839087138264 0 0 0.5438337330670228 0.1179452120455558 0.19879857053260205
27 189 0.26699670628876887 0 0 0.460048702131908 0.09977091661104705 0.16940559942458167
28 196 0.2538381039726241 0 0 0.44695719877636114 0.10288431362236777 0.15365262808292313
29 203 0.19273376320824115 0 0 0.32268156263246006 0.07591462692552726 0.1151599276580265
30 210 0.16325936371910105 0 0 0.269940745692474 0.06258495629738113 0.09881441606568697
31 217 0.1813350748739326 0 0 0.3444621332405516 0.07119308270974146 0.12016161444031968
32 224 0.20882962514309522 0 0 0.48490459434421024 0.09605493827672122 0.14791583781412376
33 231 0.2117323179842651 0 0 0.48986837213997875 0.09734457775712052 0.1514567717452511
34 238 0.19033511583373125 0 0 0.4241333895280037 0.08595455056635672 0.12925545463699367
35 245 0.15300085606355174 0 0 0.3106223757712767 0.06540197707879933 0.0956103880334104
36 252 0.14863726237828473 0 0 0.3529090592315573 0.0733296753521378 0.09539287383906622
37 259 0.1405852831877837 0 0 0.34987409971795846 0.0725069357517001 0.09174935558783928
38 266 0.1739057361554058 0 0 0.43632256190598384 0.08646738864363171 0.14996321897332146
39 273 0.2077484882185874 0 0 0.5297152279022048 0.0995375036948038 0.19490272540859768
40 280 0.32943836804079835 0 0 0.7995149340034301 0.1419106990399608 0.33413010105503504
41 287 0.40587344348978843 0 0 0.9981151262637987 0.17101869355575355 0.4020943523019436
42 294 0.37507294847383554 0 0 1.0210292542420247 0.17021970722975685 0.39654294069029644
43 301 0.5384505285846992 0 0 1.7686383477543373 0.2867557043688834 0.6428501211211725
44 308 0.4201258743473305 0 0 1.4226613414994465 0.21920285048046378 0.5449589022451439
45 315 0.3955049552309241 0 0 1.3346581753873252 0.20150826959135484 0.5309517595034007
46 322 0.34652270643141175 0 0 1.1647156978299926 0.17619922195980206 0.4608256897037632
47 329 0.33448786525190255 0 0 1.1064531635369719 0.1677259122030881 0.43979579906854266
48 336 0.28652908519970105 0 0 0.8973797679901274 0.12645501549603172 0.37921096202913623
49 343 0.2588216702283171 0 0 0.8054449977346474 0.11335567450128374 0.3384112315357067
50 350 0.199922333363751 0 0 0.6036443068577758 0.086848102795418 0.2428124094887352
51 357 0.19645825195949151 0 0 0.559668607168618 0.07726088150168636 0.23977627062158774
52 364 0.1826960847007327 0 0 0.5027613629917213 0.06866150153179557 0.21482649227991035
53 371 0.1706977293334834 0 0 0.486246002149908 0.06642847367902255 0.20551237674148057
54 378 0.1540586073379462 0 0 0.44156381011306783 0.060474687828348764 0.18508072393626937
55 385 0.17473153643847178 0 0 0.5608144520576662 0.07535624040746543 0.2389598104990816
56 392 0.1598967695360362 0 0 0.49314508073061153 0.06674949394551481 0.20866801807084234
57 399 0.18278738334717043 0 0 0.693222671219878 0.09226890623053426 0.29632459378857584
58 406 0.23146030915800977 0 0 0.9023814180963352 0.11858970848575326 0.3909088055768239
59 413 0.24661454660219537 0 0 0.9624921990579114 0.12283701591634558 0.43432689666956475
60 420 0.20674523150180846 0 0 0.752138115689687 0.09686627080362312 0.33723065346887804
61 427 0.20344262201633614 0 0 0.7132061580651179 0.09016871382823881 0.32919168410978245
62 434 0.18841162129644742 0 0 0.6316381620455447 0.0792851733284717 0.29539154362607345
63 441 0.19368033031504261 0 0 0.7058392715550884 0.09145116839231733 0.3145056517175122
64 448 0.21463098092832567 0 0 0.7690666700430729 0.10432270240110142 0.32371885017980795
65 455 0.18073860653988333 0 0 0.6499457767103469 0.08865887964854134 0.27113282042028763
66 462 0.2025979653442112 0 0 0.6904680750138238 0.09483706671513205 0.2898786568891052
67 469 0.17062429481536662 0 0 0.5079584721498247 0.07095936171591641 0.21165003431207605
68 476 0.17082602522246113 0 0 0.4763578428002087 0.07041891997783631 0.1860016209208514
69 483 0.14462232061222935 0 0 0.34832919639339127 0.053463581516829534 0.1312964691522832
70 490 0.11968685917511789 0 0 0.24926901418695022 0.03918259725960264 0.09298644598039672
71 497 0.12658210846091117 0 0 0.296263585560868 0.04829709614066362 0.09949681638191375
72 504 0.10946993118667052 0 0 0.23110702754896892 0.03845117419045903 0.07579678720109664
